25580
14800
13310
11870
11740
11090
10130
8280
6770
6530
6120
6010
5840
5830
4430
4370
4090
3860
3760
3740
3740
3740
3690
3640
3560
3550
3550
3520
3460
3380
3340
2870
2830
2790
2720
2720
2710
2650
2650
2610
2580
2570
2550
2540
2490
2480
2410
2300
2130
2110
2020
2020
2020
2010
2010
2000
2000
1990
1990
1970
1880
1820
1730
1220
1020
1020
1020
1020
1010
1010
1000
1000
1000
990
990
990
980
980
970
950
950
940
940
920
890
860
840
830
830
830
830
830
830
830
830
830
800
790
790
790
790
760
750
740
740
740
740
740
700
680
670
660
650
520
122
0
3420
